[Nombre: adasd, Numero: 213]
Pregunta1: 5.0
Pregunta2: 5.0Pregunta3: 3.0 Pregunta4: 0.15000000000000002 Pregunta5: 3.0 Pregunta6: 0.15000000000000002Promedio 2.7166666666666663
